![wpn_type63]
modular_attachments	= true
modular_scope_group	= scope_group_pu
scope_status		= 2
inv_scope_x			= 68
inv_scope_y			= -23

![wpn_type63_hud]
aim_hud_offset_alt_pos           = -0.064936, 0.01996, -0.037006
aim_hud_offset_alt_pos_16x9      = -0.064936, 0.01996, -0.037006
aim_hud_offset_alt_rot           = -0.002413, -0.043799, 0
aim_hud_offset_alt_rot_16x9      = -0.002413, -0.043799, 0
aim_hud_offset_pos               = 0.004372, -0.060365, 0.216174
aim_hud_offset_pos_16x9          = 0.004372, -0.060365, 0.216174
attach_base_hud_offset_pos       = -0.069135, 0.081385, -0.254053
attach_base_hud_offset_pos_16x9  = -0.069135, 0.081385, -0.254053
attach_base_hud_offset_rot       = 0, -0.044437, 0
attach_base_hud_offset_rot_16x9  = 0, -0.044437, 0
attach_mount_hud_offset_pos      = -0.019736, 0.028159, -0.064917
attach_mount_hud_offset_pos_16x9 = -0.019736, 0.028159, -0.064917
hands_position                   = 0, 0, 0.017301
hands_position_16x9              = 0, 0, 0.017301
lowered_hud_offset_rot           = -0.081037, -0.705504, 0.4
lowered_hud_offset_rot_16x9      = -0.081037, -0.705504, 0.4
