![wpn_usas12]
modular_attachments	= true
modular_scope_group	= scope_group_picatinny_short
scope_status		= 2
inv_scope_x			= 90
inv_scope_y			= -2

; position			= -0.026, -0.175, 0

![wpn_usas12_hud]
aim_hud_offset_pos               = -0.002659, -0.130988, 0.094934
aim_hud_offset_pos_16x9          = -0.002659, -0.130988, 0.094934
aim_hud_offset_rot               = -0.004626, -5.3e-05, 0
aim_hud_offset_rot_16x9          = -0.004626, -5.3e-05, 0
attach_base_hud_offset_pos       = -0.064494, 0.146972, -0.14775
attach_base_hud_offset_pos_16x9  = -0.064494, 0.146972, -0.14775
attach_base_hud_offset_rot       = 0.002068, 0.027364, -0.054565
attach_base_hud_offset_rot_16x9  = 0.002068, 0.027364, -0.054565
attach_mount_hud_offset_pos      = 0.002827, 0.142715, 0.00507
attach_mount_hud_offset_pos_16x9 = 0.002827, 0.142715, 0.00507