![wpn_saiga12s]
modular_attachments	= true
modular_scope_group	= scope_group_dovetail
scope_status		= 2
inv_scope_x			= 96
inv_scope_y			= 25

; position			= -0.026, -0.175, 0
; shell_point		= 0, 0.138, 0.07
; strap_position	= -0.26, -0.1, 0.05

![wpn_saiga12s_hud]
aim_hud_offset_pos               = 0.000751, -0.09394, 0.158366
aim_hud_offset_pos_16x9          = 0.000751, -0.09394, 0.158366
attach_base_hud_offset_pos       = -0.077774, 0.164554, -0.39796
attach_base_hud_offset_pos_16x9  = -0.077774, 0.164554, -0.39796
attach_base_hud_offset_rot       = 0.039205, 0.008333, -0.004533
attach_base_hud_offset_rot_16x9  = 0.039205, 0.008333, -0.004533
attach_mount_hud_offset_pos      = -0.023367, 0.032222, 0.007547
attach_mount_hud_offset_pos_16x9 = -0.023367, 0.032222, 0.007547