![wpn_g43]
modular_attachments	= true
modular_scope_group	= scope_group_zf4
scope_status		= 2
inv_scope_x			= 138
inv_scope_y			= 3
!scope_texture

fire_point			= 0, 0.06, 0.8
fire_point2			= 0, 0.06, 0.8
orientation			= 0, -2, 0
position			= -0.022, -0, -0.015
shell_point			= 0, 0.129, 0.192

![wpn_g43_hud]
aim_hud_offset_pos               = -5.2e-05, -0.093717, 0.149332
aim_hud_offset_pos_16x9          = -5.2e-05, -0.093717, 0.149332
attach_base_hud_offset_pos       = -0.123288, 0.12738, -0.158122
attach_base_hud_offset_pos_16x9  = -0.123288, 0.12738, -0.158122
attach_base_hud_offset_rot       = -4.2e-05, -3e-06, -2.3e-05
attach_base_hud_offset_rot_16x9  = -4.2e-05, -3e-06, -2.3e-05
attach_mount_hud_offset_pos      = -0.000108, 0.069272, 0.063368
attach_mount_hud_offset_pos_16x9 = -0.000108, 0.069272, 0.063368
hands_orientation                = -0.009164, 0.270145, 0
hands_orientation_16x9           = -0.009164, 0.270145, 0