![wpn_fn2000_nimble]
modular_attachments	= true
modular_scope_group	= scope_group_picatinny_medium
scope_status		= 2
inv_scope_x			= 92
inv_scope_y			= -16

![wpn_fn2000_nimble_hud]
aim_hud_offset_pos               = -5.7e-05, -0.119542, 0.195196
aim_hud_offset_pos_16x9          = -5.7e-05, -0.119542, 0.195196
attach_base_hud_offset_pos       = -0.074387, 0.146882, -0.245689
attach_base_hud_offset_pos_16x9  = -0.074387, 0.146882, -0.245689
attach_base_hud_offset_rot       = 0.029071, 0.020511, -0.002277
attach_base_hud_offset_rot_16x9  = 0.029071, 0.020511, -0.002277
attach_mount_hud_offset_pos      = -0.000266, 0.105957, -0.017061
attach_mount_hud_offset_pos_16x9 = -0.000266, 0.105957, -0.017061