![wpn_ump45]
modular_attachments	= true
modular_scope_group	= scope_group_picatinny_short
scope_status		= 2
inv_scope_x			= 96
inv_scope_y			= 25

![wpn_ump45_hud]
aim_hud_offset_pos               = 0.000427, -0.049991, 0.267098
aim_hud_offset_pos_16x9          = 0.000427, -0.049991, 0.267098
attach_base_hud_offset_pos       = -0.053229, 0.075053, -0.290484
attach_base_hud_offset_pos_16x9  = -0.053229, 0.075053, -0.290484
attach_base_hud_offset_rot       = 0.005236, 0, 0
attach_base_hud_offset_rot_16x9  = 0.005236, 0, 0
attach_mount_hud_offset_pos      = -0.000585, 0.040475, -0.029514
attach_mount_hud_offset_pos_16x9 = -0.000585, 0.040475, -0.029514
hands_position                   = 0.065947, -0.154192, 0.2
hands_position_16x9              = 0.065947, -0.154192, 0.2