![wpn_l96a1]
modular_attachments	= true
modular_scope_group	= scope_group_picatinny_long
scope_status		= 2
inv_scope_x			= 99
inv_scope_y			= 27
!scope_texture

;unable to make alt aim stick
![wpn_l96a1_hud]
aim_hud_offset_pos               = -0.000638, -0.047368, 0.298165
aim_hud_offset_pos_16x9          = -0.000638, -0.047368, 0.298165
attach_base_hud_offset_pos       = -0.067574, 0.079553, -0.379474
attach_base_hud_offset_pos_16x9  = -0.067574, 0.079553, -0.379474
attach_base_hud_offset_rot       = 0.000122, 0, -6.1e-05
attach_base_hud_offset_rot_16x9  = 0.000122, 0, -6.1e-05
attach_mount_hud_offset_pos      = 0.005662, 0.062522, -0.024674
attach_mount_hud_offset_pos_16x9 = 0.005662, 0.062522, -0.024674
hands_position                   = 0, -0.001, 0.025
hands_position_16x9              = 0, -0.001, 0.025