![wpn_sr25]
modular_attachments = true
modular_scope_group = scope_group_picatinny
scope_status		= 2
inv_scope_x			= 125
inv_scope_y			= 30

position			= -0.026, -0.13, 0

![wpn_sr25_hud]
aim_hud_offset_pos               = 0.00016, -0.125368, 0.145208
aim_hud_offset_pos_16x9          = 0.00016, -0.125368, 0.145208
aim_hud_offset_rot               = -7.1e-05, -0.000534, 0
aim_hud_offset_rot_16x9          = -7.1e-05, -0.000534, 0
attach_base_hud_offset_pos       = -0.054335, 0.130678, -0.174169
attach_base_hud_offset_pos_16x9  = -0.054335, 0.130678, -0.174169
attach_base_hud_offset_rot       = 0.00133, 0.012657, -0.004832
attach_base_hud_offset_rot_16x9  = 0.00133, 0.012657, -0.004832
attach_mount_hud_offset_pos      = -0.001172, 0.101695, -0.030888
attach_mount_hud_offset_pos_16x9 = -0.001172, 0.101695, -0.030888