![wpn_lr300]
modular_attachments	= true
modular_scope_group	= scope_group_picatinny
scope_status		= 2
inv_scope_x			= 99
inv_scope_y			= 27

; position			= -0.026, -0.13, 0

![wpn_lr300_hud]
aim_hud_offset_pos               = 0.000753, -0.146778, 0.106939
aim_hud_offset_pos_16x9          = 0.000753, -0.146778, 0.106939
attach_base_hud_offset_pos       = -0.066278, 0.164343, -0.15479
attach_base_hud_offset_pos_16x9  = -0.066278, 0.164343, -0.15479
attach_base_hud_offset_rot       = 0.010585, 0.042881, -0.058966
attach_base_hud_offset_rot_16x9  = 0.010585, 0.042881, -0.058966
attach_mount_hud_offset_pos      = -0.002504, 0.107526, 0.027237
attach_mount_hud_offset_pos_16x9 = -0.002504, 0.107526, 0.027237
gl_hud_offset_pos                = -0.094383, -0.064014, -0.04593
gl_hud_offset_pos_16x9           = -0.094383, -0.064014, -0.04593
gl_hud_offset_rot                = 0.005818, 0.069822, 0.298751
gl_hud_offset_rot_16x9           = 0.005818, 0.069822, 0.298751
hands_orientation                = 2.860386, 0.883521, -3.970262
hands_orientation_16x9           = 2.860386, 0.883521, -3.970262
hands_position                   = 0.009934, -0.00887, -0.011494
hands_position_16x9              = 0.009934, -0.00887, -0.011494
lowered_hud_offset_pos           = 0.025572, 0.002275, 0.020909
lowered_hud_offset_pos_16x9      = 0.025572, 0.002275, 0.020909
lowered_hud_offset_rot           = 0.270669, -0.421969, 0.1
lowered_hud_offset_rot_16x9      = 0.270669, -0.421969, 0.1