![wpn_m98b]
modular_attachments	= true
modular_scope_group	= scope_group_picatinny
scope_status		= 2
inv_scope_x			= 92
inv_scope_y			= 35
!scope_texture

fire_point			= 0, -0.018, 1.008
fire_point2			= 0, 0.129, 0.942
shell_point			= 0, 0.129, 0.192

[wpn_m98b_hud]
aim_hud_offset_pos               = 0.000267, -0.132611, 0.053122
aim_hud_offset_pos_16x9          = 0.000267, -0.132611, 0.053122
attach_base_hud_offset_pos       = -0.091637, 0.157722, -0.127335
attach_base_hud_offset_pos_16x9  = -0.091637, 0.157722, -0.127335
attach_base_hud_offset_rot       = -3.3e-05, 9.1e-05, -0.00014
attach_base_hud_offset_rot_16x9  = -3.3e-05, 9.1e-05, -0.00014
attach_mount_hud_offset_pos      = 0.000208, 0.128696, 0.041668
attach_mount_hud_offset_pos_16x9 = 0.000208, 0.128696, 0.041668