![wpn_izh18]
modular_attachments	= true
modular_scope_group	= scope_group_picatinny_short
scope_status		= 2
inv_scope_x			= 109
inv_scope_y			= 34

![wpn_izh18_hud]
aim_hud_offset_pos               = -0.00496, -0.026027, 0.263247
aim_hud_offset_pos_16x9          = -0.00496, -0.026027, 0.263247
attach_base_hud_offset_pos       = 0.014285, 0.02351, -0.275763
attach_base_hud_offset_pos_16x9  = 0.014285, 0.02351, -0.275763
attach_base_hud_offset_rot       = 0.006715, -0.00511, 7.9e-05
attach_base_hud_offset_rot_16x9  = 0.006715, -0.00511, 7.9e-05
attach_mount_hud_offset_pos      = -0.003783, 0.027164, -0.154882
attach_mount_hud_offset_pos_16x9 = -0.003783, 0.027164, -0.154882
hands_orientation                = -0.541137, 0.537065, 0
hands_orientation_16x9           = -0.541137, 0.537065, 0
hands_position                   = -0.004294, -0.003356, -0.047022
hands_position_16x9              = -0.004294, -0.003356, -0.047022

![wpn_mp18]
modular_attachments	= true
modular_scope_group	= scope_group_picatinny_short
scope_status		= 2
inv_scope_x			= 109
inv_scope_y			= 34

![wpn_mp18_hud]
aim_hud_offset_pos               = -0.00208, -0.037548, 0.288932
aim_hud_offset_pos_16x9          = -0.00208, -0.037548, 0.288932
attach_base_hud_offset_pos       = 0.014284, 0.02351, -0.275763
attach_base_hud_offset_pos_16x9  = 0.014284, 0.02351, -0.275763
attach_base_hud_offset_rot       = 0.006715, -0.00511, 7.9e-05
attach_base_hud_offset_rot_16x9  = 0.006715, -0.00511, 7.9e-05
attach_mount_hud_offset_pos      = -0.002621, 0.031851, -0.179192
attach_mount_hud_offset_pos_16x9 = -0.002621, 0.031851, -0.179192
hands_orientation                = -0.496755, 0.695775, 0
hands_orientation_16x9           = -0.496755, 0.695775, 0
hands_position                   = -0.007654, 0.003178, -0.047022
hands_position_16x9              = -0.007654, 0.003178, -0.047022