![wpn_saiga12s_saiga_drum_kit]
modular_attachments	= true
modular_scope_group	= scope_group_dovetail
scope_status		= 2
inv_scope_x			= 97
inv_scope_y			= 26

![wpn_saiga12s_saiga_drum_kit_hud]
aim_hud_offset_pos               = 0.001639, -0.089236, 0.113987
aim_hud_offset_pos_16x9          = 0.001639, -0.089236, 0.113987
attach_base_hud_offset_pos       = -0.077773, 0.164554, -0.39796
attach_base_hud_offset_pos_16x9  = -0.077773, 0.164554, -0.39796
attach_base_hud_offset_rot       = 0.039205, 0.008333, -0.004533
attach_base_hud_offset_rot_16x9  = 0.039205, 0.008333, -0.004533
attach_mount_hud_offset_pos      = -0.022193, 0.044539, 0.012173
attach_mount_hud_offset_pos_16x9 = -0.022193, 0.044539, 0.012173

![wpn_saiga12s_m1_saiga_drum_kit]
modular_attachments	= true
modular_scope_group	= scope_group_dovetail
scope_status		= 2
inv_scope_x			= 97
inv_scope_y			= 26

![wpn_saiga12s_m1_saiga_drum_kit_hud]
; attach_base_hud_offset_pos       = -0.048877, 0.066715, -0.33964
; attach_base_hud_offset_pos_16x9  = -0.048877, 0.066715, -0.33964
; attach_base_hud_offset_rot       = 0.005724, 0.002872, -0.207971
; attach_base_hud_offset_rot_16x9  = 0.005724, 0.002872, -0.207971
attach_mount_hud_offset_pos      = -0.021124, -0.025728, -0.14464
attach_mount_hud_offset_pos_16x9 = -0.021124, -0.025728, -0.14464
aim_hud_offset_pos               = 0.000105, -0.0288, 0.268928
aim_hud_offset_pos_16x9          = 0.000105, -0.0288, 0.268928
aim_hud_offset_rot               = 0, 0, 0
aim_hud_offset_rot_16x9          = 0, 0, 0
attach_base_hud_offset_pos       = -0.063082, 0.064006, -0.285897
attach_base_hud_offset_pos_16x9  = -0.063082, 0.064006, -0.285897
attach_base_hud_offset_rot       = 0.036663, 0.024745, 0.000908
attach_base_hud_offset_rot_16x9  = 0.036663, 0.024745, 0.000908
hands_orientation                = 1.418723, 2.100001, 0
hands_orientation_16x9           = 1.418723, 2.100001, 0
hands_position                   = 0.0061, -0.0288, -0.2
hands_position_16x9              = 0.0061, -0.0288, -0.2
lowered_hud_offset_pos           = 0.1, -0.01, 0
lowered_hud_offset_pos_16x9      = 0.1, -0.01, 0

![wpn_saiga12s_isg_saiga_drum_kit]
modular_attachments	= true
modular_scope_group	= scope_group_picatinny
scope_status		= 2
inv_scope_x			= 97
inv_scope_y			= 26

![wpn_saiga12s_isg_saiga_drum_kit_hud]
; attach_base_hud_offset_pos       = -0.044218, 0.113581, -0.200086
; attach_base_hud_offset_pos_16x9  = -0.044218, 0.113581, -0.200086
; attach_base_hud_offset_rot       = 0.005945, 0.007191, -0.196471
; attach_base_hud_offset_rot_16x9  = 0.005945, 0.007191, -0.196471
attach_mount_hud_offset_pos      = -0.000373, 0.076992, -0.011648
attach_mount_hud_offset_pos_16x9 = -0.000373, 0.076992, -0.011648
attach_scale                     = 1.15
aim_hud_offset_alt_pos           = 0.008905, 0.02198, -0.019175
aim_hud_offset_alt_pos_16x9      = 0.008905, 0.02198, -0.019175
aim_hud_offset_alt_rot           = 0.006301, 5.7e-05, -0.550311
aim_hud_offset_alt_rot_16x9      = 0.006301, 5.7e-05, -0.550311
aim_hud_offset_pos               = 0.000159, -0.077056, 0.12864
aim_hud_offset_pos_16x9          = 0.000159, -0.077056, 0.12864
aim_hud_offset_rot               = 0, 0, 0
aim_hud_offset_rot_16x9          = 0, 0, 0
attach_base_hud_offset_pos       = -0.059475, 0.111529, -0.146212
attach_base_hud_offset_pos_16x9  = -0.059475, 0.111529, -0.146212
attach_base_hud_offset_rot       = 0.00904, 0.007263, 6.6e-05
attach_base_hud_offset_rot_16x9  = 0.00904, 0.007263, 6.6e-05
hands_orientation                = 0.416182, 0.517943, 0
hands_orientation_16x9           = 0.416182, 0.517943, 0
hands_position                   = -0.004225, 0.0038, -0.219226
hands_position_16x9              = -0.004225, 0.0038, -0.219226
lowered_hud_offset_pos           = 0.1, 0, 0
lowered_hud_offset_pos_16x9      = 0.1, 0, 0