![wpn_mp7]
modular_attachments	= true
modular_scope_group	= scope_group_picatinny_medium
scope_status		= 2
inv_scope_x			= 14
inv_scope_y			= -4

![wpn_mp7_hud]
aim_hud_offset_pos               = 0.005174, -0.137526, 0.192063
aim_hud_offset_pos_16x9          = 0.005174, -0.137526, 0.192063
attach_base_hud_offset_pos       = -0.063264, 0.145176, -0.246549
attach_base_hud_offset_pos_16x9  = -0.063264, 0.145176, -0.246549
attach_mount_hud_offset_pos      = -0.005071, 0.10795, -0.060372
attach_mount_hud_offset_pos_16x9 = -0.005071, 0.10795, -0.060372