![wpn_remington700]
modular_attachments	= true
modular_scope_group	= scope_group_picatinny_long
scope_status		= 2
inv_scope_x			= 68
inv_scope_y			= -23
!scope_texture

![wpn_remington700_hud]
aim_hud_offset_pos               = 0.003149, -0.102113, 0.120249
aim_hud_offset_pos_16x9          = 0.003149, -0.102113, 0.120249
attach_base_hud_offset_pos       = -0.120321, 0.172163, -0.399521
attach_base_hud_offset_pos_16x9  = -0.120321, 0.172163, -0.399521
attach_base_hud_offset_rot       = 0.023497, -0.000681, -0.007506
attach_base_hud_offset_rot_16x9  = 0.023497, -0.000681, -0.007506
attach_mount_hud_offset_pos      = -0.003787, 0.099479, 0.091526
attach_mount_hud_offset_pos_16x9 = -0.003787, 0.099479, 0.091526