![wpn_m240]
modular_attachments	= true
modular_scope_group	= scope_group_picatinny
scope_status		= 2
inv_scope_x			= 95
inv_scope_y			= 35

shell_point			= -0.02, 0.167, 0.082
 
![wpn_m240_hud]
aim_hud_offset_pos               = 5.4e-05, -0.068403, 0.21881
aim_hud_offset_pos_16x9          = 5.4e-05, -0.068403, 0.21881
attach_base_hud_offset_pos       = -0.09182, 0.110796, -0.265373
attach_base_hud_offset_pos_16x9  = -0.09182, 0.110796, -0.265373
attach_base_hud_offset_rot       = 6e-05, 0.000127, 0
attach_base_hud_offset_rot_16x9  = 6e-05, 0.000127, 0
attach_mount_hud_offset_pos      = -0.000317, 0.064497, -0.068768
attach_mount_hud_offset_pos_16x9 = -0.000317, 0.064497, -0.068768


