![wpn_honeybadger]
modular_attachments	= true
modular_scope_group	= scope_group_picatinny
scope_status		= 2
inv_scope_x			= 109
inv_scope_y			= -18

fire_point			= 0, 0.188, 0.392
fire_point2			= 0, 0.188, 0.392
shell_point			= 0, 0.188, 0.082

![wpn_honeybadger_hud]
aim_hud_offset_pos               = 0.000158, -0.070397, 0.177789
aim_hud_offset_pos_16x9          = 0.000158, -0.070397, 0.177789
attach_base_hud_offset_pos       = -0.050402, 0.077118, -0.177142
attach_base_hud_offset_pos_16x9  = -0.050402, 0.077118, -0.177142
attach_base_hud_offset_rot       = -0.011152, -0.019238, -0.001907
attach_base_hud_offset_rot_16x9  = -0.011152, -0.019238, -0.001907
attach_mount_hud_offset_pos      = 5e-06, 0.041607, -0.001283
attach_mount_hud_offset_pos_16x9 = 5e-06, 0.041607, -0.001283