![wpn_arbiter_bushmaster]
modular_attachments	= true
modular_scope_group	= scope_group_picatinny_short
scope_status		= 2
inv_scope_x			= 109
inv_scope_y			= 34

![wpn_arbiter_bushmaster_hud]
aim_hud_offset_pos               = 0.000107, -0.076662, 0.083263
aim_hud_offset_pos_16x9          = 0.000107, -0.076662, 0.083263
attach_base_hud_offset_pos       = -0.063695, 0.100932, -0.149207
attach_base_hud_offset_pos_16x9  = -0.063695, 0.100932, -0.149207
attach_base_hud_offset_rot       = 0.04958, 0.022766, 0.00113
attach_base_hud_offset_rot_16x9  = 0.04958, 0.022766, 0.00113
attach_mount_hud_offset_pos      = -0.00016, 0.050627, 0.060729
attach_mount_hud_offset_pos_16x9 = -0.00016, 0.050627, 0.060729

![wpn_arbiter_defender]
modular_attachments	= true
modular_scope_group	= scope_group_picatinny_medium
scope_status		= 2
inv_scope_x			= 109
inv_scope_y			= 34

![wpn_arbiter_defender_hud]
aim_hud_offset_pos               = -1e-06, -0.066488, 0.048579
aim_hud_offset_pos_16x9          = -1e-06, -0.066488, 0.048579
attach_base_hud_offset_pos       = -0.065769, 0.109254, -0.14777
attach_base_hud_offset_pos_16x9  = -0.065769, 0.109254, -0.14777
attach_base_hud_offset_rot       = 0.056946, 0.04577, -0.043494
attach_base_hud_offset_rot_16x9  = 0.056946, 0.04577, -0.043494
attach_mount_hud_offset_pos      = -0.000694, 0.065692, 0.063929
attach_mount_hud_offset_pos_16x9 = -0.000694, 0.065692, 0.063929