![wpn_vepr]
modular_attachments	= true
modular_scope_group	= scope_group_picatinny_medium
scope_status		= 2
inv_scope_x			= 96
inv_scope_y			= 25

; shell_point		= 0, 0.138, 0.07

![wpn_vepr_hud]
aim_hud_offset_pos               = 0.000268, -0.081632, 0.133902
aim_hud_offset_pos_16x9          = 0.000268, -0.081632, 0.133902
attach_base_hud_offset_pos       = -0.087821, 0.148607, -0.398269
attach_base_hud_offset_pos_16x9  = -0.087821, 0.148607, -0.398269
attach_base_hud_offset_rot       = 0.039205, 0.008333, -0.004533
attach_base_hud_offset_rot_16x9  = 0.039205, 0.008333, -0.004533
attach_mount_hud_offset_pos      = -0.000481, 0.07375, 0.011375
attach_mount_hud_offset_pos_16x9 = -0.000481, 0.07375, 0.011375