![wpn_hk416]
modular_attachments	= true
modular_scope_group	= scope_group_picatinny
scope_status		= 2
inv_scope_x			= 125
inv_scope_y			= 30

![wpn_hk416_hud]
aim_hud_offset_alt_pos           = -0.069867, 0.0193, -0.0525
aim_hud_offset_alt_pos_16x9      = -0.069867, 0.0193, -0.0525
aim_hud_offset_alt_rot           = 0.0035, 0.000666, 0
aim_hud_offset_alt_rot_16x9      = 0.0035, 0.000666, 0
aim_hud_offset_pos               = -0.003628, -0.107589, 0.053029
aim_hud_offset_pos_16x9          = -0.003628, -0.107589, 0.053029
attach_base_hud_offset_pos       = -0.066062, 0.126284, -0.117297
attach_base_hud_offset_pos_16x9  = -0.066062, 0.126284, -0.117297
attach_base_hud_offset_rot       = 0.000349, -0.001728, -1e-06
attach_base_hud_offset_rot_16x9  = 0.000349, -0.001728, -1e-06
attach_mount_hud_offset_pos      = 0.002458, 0.087964, 0.024027
attach_mount_hud_offset_pos_16x9 = 0.002458, 0.087964, 0.024027
gl_hud_offset_pos                = -0.113656, 0, 0
gl_hud_offset_pos_16x9           = -0.113656, 0, 0
hands_orientation                = -0.099001, 0.02, 0
hands_orientation_16x9           = -0.099001, 0.02, 0
hands_position                   = 0.028, -0.013037, 0.029432
hands_position_16x9              = 0.028, -0.013037, 0.029432