![wpn_g36_camo]
modular_attachments	= true
modular_scope_group	= scope_group_picatinny_short
scope_status		= 2
inv_scope_x			= 92
inv_scope_y			= -16

fire_point			= 0, 0.188, 0.55
fire_point2			= 0, 0.19, 0.66
position			= -0.026, -0.132, 0
shell_point			= 0, 0.21, 0.13

![wpn_g36_camo_hud]
aim_hud_offset_pos               = -0.000428, -0.155951, 0.131481
aim_hud_offset_pos_16x9          = -0.000428, -0.155951, 0.131481
attach_base_hud_offset_pos       = -0.122823, 0.199569, -0.437633
attach_base_hud_offset_pos_16x9  = -0.122823, 0.199569, -0.437633
attach_base_hud_offset_rot       = 0.034928, 0.034885, 0.001219
attach_base_hud_offset_rot_16x9  = 0.034928, 0.034885, 0.001219
attach_mount_hud_offset_pos      = 0.000325, 0.143736, 0.09067
attach_mount_hud_offset_pos_16x9 = 0.000325, 0.143736, 0.09067
fire_point			 = 0, -0.0035, -0.05

![wpn_g36k]
modular_attachments	= true
modular_scope_group	= scope_group_picatinny_short
scope_status		= 2
inv_scope_x			= 102
inv_scope_y			= -16

fire_point			= 0, 0.19, 0.42
fire_point2			= 0, 0.19, 0.66
position			= -0.026, -0.132, 0
shell_point			= 0, 0.21, 0.13

![wpn_g36k_hud]
aim_hud_offset_pos               = -0.000642, -0.153519, 0.129492
aim_hud_offset_pos_16x9          = -0.000642, -0.153519, 0.129492
attach_base_hud_offset_pos       = -0.122823, 0.199569, -0.437633
attach_base_hud_offset_pos_16x9  = -0.122823, 0.199569, -0.437633
attach_base_hud_offset_rot       = 0.034928, 0.034885, 0.001219
attach_base_hud_offset_rot_16x9  = 0.034928, 0.034885, 0.001219
attach_mount_hud_offset_pos      = 0.000162, 0.145437, 0.053553
attach_mount_hud_offset_pos_16x9 = 0.000162, 0.145437, 0.053553
fire_point						 = 0, -0.0035, -0.16

![wpn_g36_nimble]
modular_attachments	= true
modular_scope_group	= scope_group_picatinny_short_phys
scope_status		= 2
inv_scope_x			= 102
inv_scope_y			= -16

fire_point			= 0, 0.187, 0.604
fire_point2			= 0, 0.14, 0.6
position			= -0.026, -0.132, 0
shell_point			= 0, 0.21, 0.13

![wpn_g36_nimble_hud]
aim_hud_offset_pos               = -0.000687, -0.157642, 0.155802
aim_hud_offset_pos_16x9          = -0.000687, -0.157642, 0.155802
attach_base_hud_offset_pos       = -0.122803, 0.199349, -0.437591
attach_base_hud_offset_pos_16x9  = -0.122803, 0.199349, -0.437591
attach_base_hud_offset_rot       = 0.035146, 0.034818, 0.001224
attach_base_hud_offset_rot_16x9  = 0.035146, 0.034818, 0.001224
attach_mount_hud_offset_pos      = 0.000853, 0.138457, 0.030018
attach_mount_hud_offset_pos_16x9 = 0.000853, 0.138457, 0.030018
hands_orientation                = 2.002989, 2.105833, 0
hands_orientation_16x9           = 2.002989, 2.105833, 0
hands_position                   = -0.033999, -0.199787, 0.14
hands_position_16x9              = -0.033999, -0.199787, 0.14
fire_point						 = 0, -0.0035, -0.01
fire_point2						 = 0, 0, 0.11