![wpn_ash12]
modular_attachments	= true
modular_scope_group	= scope_group_picatinny_medium
scope_status		= 2
inv_scope_x			= 108
inv_scope_y			= -28

![wpn_ash12_hud]
aim_hud_offset_pos               = -0.000109, -0.12899, 0.20288
aim_hud_offset_pos_16x9          = -0.000109, -0.12899, 0.20288
attach_base_hud_offset_pos       = -0.06498, 0.14, -0.276806
attach_base_hud_offset_pos_16x9  = -0.06498, 0.14, -0.276806
attach_mount_hud_offset_pos      = 0.000106, 0.124307, -0.021192
attach_mount_hud_offset_pos_16x9 = 0.000106, 0.124307, -0.021192
hands_orientation                = 0.024749, 0.878369, 0
hands_orientation_16x9           = 0.024749, 0.878369, 0
hands_position                   = 5.3e-05, -0.007698, 0.0443
hands_position_16x9              = 5.3e-05, -0.007698, 0.0443

![wpn_shak12]
modular_attachments	= true
modular_scope_group	= scope_group_picatinny
scope_status		= 2
inv_scope_x			= 124
inv_scope_y			= -18

; shell_point			= 0.022, 0, -0.15319

![wpn_shak12_hud]
aim_hud_offset_pos               = -5.3e-05, -0.126939, 0.171955
aim_hud_offset_pos_16x9          = -5.3e-05, -0.126939, 0.171955
attach_base_hud_offset_pos       = -0.06498, 0.14, -0.276806
attach_base_hud_offset_pos_16x9  = -0.06498, 0.14, -0.276806
attach_mount_hud_offset_pos      = -0.00059, 0.087334, -0.083984
attach_mount_hud_offset_pos_16x9 = -0.00059, 0.087334, -0.083984