![wpn_protecta]
modular_attachments	= true
modular_scope_group	= scope_group_picatinny_short_phys
scope_status		= 2
inv_scope_x			= 69
inv_scope_y			= 29

![wpn_protecta_aim]
modular_attachments	= false
modular_scope_group	= scope_group_none
scope_status		= 1

![wpn_protecta_hud]
aim_hud_offset_pos               = 0.000106, -0.122602, 0.193655
aim_hud_offset_pos_16x9          = 0.000106, -0.122602, 0.193655
attach_base_hud_offset_pos       = -0.072366, 0.138625, -0.216757
attach_base_hud_offset_pos_16x9  = -0.072366, 0.138625, -0.216757
attach_base_hud_offset_rot       = -2.3e-05, 2.4e-05, 0
attach_base_hud_offset_rot_16x9  = -2.3e-05, 2.4e-05, 0
attach_mount_hud_offset_pos      = -0.000696, 0.108946, 0.104128
attach_mount_hud_offset_pos_16x9 = -0.000696, 0.108946, 0.104128

![wpn_protecta_nimble_hud]
aim_hud_offset_pos               = -3e-06, -0.122242, 0.189417
aim_hud_offset_pos_16x9          = -3e-06, -0.122242, 0.189417
attach_base_hud_offset_pos       = -0.072366, 0.138625, -0.216757
attach_base_hud_offset_pos_16x9  = -0.072366, 0.138625, -0.216757
attach_base_hud_offset_rot       = -2.3e-05, 2.4e-05, 0
attach_base_hud_offset_rot_16x9  = -2.3e-05, 2.4e-05, 0
attach_mount_hud_offset_pos      = -0.000369, 0.108662, 0.10517
attach_mount_hud_offset_pos_16x9 = -0.000369, 0.108662, 0.10517

![wpn_protecta_sk1_hud]
aim_hud_offset_pos               = 0, -0.122592, 0.192398
aim_hud_offset_pos_16x9          = 0, -0.122592, 0.192398
attach_base_hud_offset_pos       = -0.072366, 0.138625, -0.216757
attach_base_hud_offset_pos_16x9  = -0.072366, 0.138625, -0.216757
attach_base_hud_offset_rot       = -2.3e-05, 2.4e-05, 0
attach_base_hud_offset_rot_16x9  = -2.3e-05, 2.4e-05, 0
attach_mount_hud_offset_pos      = -0.000799, 0.108659, 0.103271
attach_mount_hud_offset_pos_16x9 = -0.000799, 0.108659, 0.103271

![wpn_protecta_sk2_hud]
aim_hud_offset_pos               = -0.000106, -0.122607, 0.187451
aim_hud_offset_pos_16x9          = -0.000106, -0.122607, 0.187451
attach_base_hud_offset_pos       = -0.072366, 0.138625, -0.216757
attach_base_hud_offset_pos_16x9  = -0.072366, 0.138625, -0.216757
attach_base_hud_offset_rot       = -2.3e-05, 2.4e-05, 0
attach_base_hud_offset_rot_16x9  = -2.3e-05, 2.4e-05, 0
attach_mount_hud_offset_pos      = -0.000318, 0.10738, 0.103751
attach_mount_hud_offset_pos_16x9 = -0.000318, 0.10738, 0.103751