![wpn_aek]
modular_attachments	= true
modular_scope_group	= scope_group_dovetail
scope_status		= 2
inv_scope_x			= 64
inv_scope_y			= -7

![wpn_aek_hud]
aim_hud_offset_pos               = -0.000749, -0.094294, 0.069689
aim_hud_offset_pos_16x9          = -0.000749, -0.094294, 0.069689
aim_hud_offset_rot               = -0.016973, 0.000162, 0
aim_hud_offset_rot_16x9          = -0.016973, 0.000162, 0
attach_base_hud_offset_pos       = -0.065292, 0.11731, -0.195358
attach_base_hud_offset_pos_16x9  = -0.065292, 0.11731, -0.195358
attach_mount_hud_offset_pos      = -0.015326, 0.033123, 0.026604
attach_mount_hud_offset_pos_16x9 = -0.015326, 0.033123, 0.026604

![wpn_a545]
modular_attachments	= true
modular_scope_group	= scope_group_picatinny_long
scope_status		= 2
inv_scope_x			= 92
inv_scope_y			= -16

![wpn_a545_hud]
aim_hud_offset_pos               = -0.000529, -0.109006, 0.127648
aim_hud_offset_pos_16x9          = -0.000529, -0.109006, 0.127648
aim_hud_offset_rot               = -0.018267, -5.4e-05, 0
aim_hud_offset_rot_16x9          = -0.018267, -5.4e-05, 0
attach_base_hud_offset_pos       = -0.065132, 0.117023, -0.195359
attach_base_hud_offset_pos_16x9  = -0.065132, 0.117023, -0.195359
attach_mount_hud_offset_pos      = 0.000105, 0.086685, 0.08292
attach_mount_hud_offset_pos_16x9 = 0.000105, 0.086685, 0.08292
hands_orientation                = 0.008104, 1.270333, 0
hands_orientation_16x9           = 0.008104, 1.270333, 0