![wpn_lr300]
modular_attachments	= true
modular_scope_group	= scope_group_picatinny
scope_status		= 2
inv_scope_x			= 99
inv_scope_y			= 27

![wpn_lr300_hud]
aim_hud_offset_pos               = 0.001705, -0.140724, 0.056735
aim_hud_offset_pos_16x9          = 0.001705, -0.140724, 0.056735
attach_base_hud_offset_pos       = -0.009757, 0.154436, -0.178052
attach_base_hud_offset_pos_16x9  = -0.009757, 0.154436, -0.178052
attach_base_hud_offset_rot       = -0.017758, 1e-06, 0.002618
attach_base_hud_offset_rot_16x9  = -0.017758, 1e-06, 0.002618
attach_mount_hud_offset_pos      = -0.002067, 0.107884, 0.022117
attach_mount_hud_offset_pos_16x9 = -0.002067, 0.107884, 0.022117