![wpn_mp5]
modular_attachments	= true
modular_scope_group	= scope_group_picatinny_medium
scope_status		= 2
inv_scope_x			= 108
inv_scope_y			= 28

fire_point                       = 0, 0.188, 0.392
fire_point2                      = 0, 0.188, 0.392
shell_point                      = 0, 0.188, 0.082

![wpn_mp5_hud]
aim_hud_offset_pos               = 5.2e-05, -0.119881, 0.105936
aim_hud_offset_pos_16x9          = 5.2e-05, -0.119881, 0.105936
attach_base_hud_offset_pos       = -0.083083, 0.145915, -0.209707
attach_base_hud_offset_pos_16x9  = -0.083083, 0.145915, -0.209707
attach_base_hud_offset_rot       = -1.9e-05, -1e-05, 0
attach_base_hud_offset_rot_16x9  = -1.9e-05, -1e-05, 0
attach_mount_hud_offset_pos      = -5.2e-05, 0.111152, 0.038199
attach_mount_hud_offset_pos_16x9 = -5.2e-05, 0.111152, 0.038199

![wpn_mp5sd]
modular_attachments	= true
modular_scope_group	= scope_group_picatinny_medium
scope_status		= 2
inv_scope_x			= 95
inv_scope_y			= 33

fire_point                       = 0, 0.188, 0.392
fire_point2                      = 0, 0.188, 0.392
shell_point                      = 0, 0.188, 0.082

![wpn_mp5sd_hud]
aim_hud_offset_pos               = -5.4e-05, -0.120962, 0.114919
aim_hud_offset_pos_16x9          = -5.4e-05, -0.120962, 0.114919
attach_base_hud_offset_pos       = -0.083083, 0.145915, -0.209707
attach_base_hud_offset_pos_16x9  = -0.083083, 0.145915, -0.209707
attach_base_hud_offset_rot       = -1.9e-05, -1e-05, 0
attach_base_hud_offset_rot_16x9  = -1.9e-05, -1e-05, 0
attach_mount_hud_offset_pos      = -2e-06, 0.111291, 0.03656
attach_mount_hud_offset_pos_16x9 = -2e-06, 0.111291, 0.03656