![wpn_howa20]
modular_attachments	= true
modular_scope_group	= scope_group_picatinny
scope_status		= 2
inv_scope_x			= 97
inv_scope_y			= -8

fire_point			= 0, 0, 0.575

![wpn_howa20_hud]
aim_hud_offset_alt_pos           = -0.083082, -0.029684, -0.025946
aim_hud_offset_alt_pos_16x9      = -0.083082, -0.029684, -0.025946
aim_hud_offset_alt_rot           = 0.007347, 0.013687, 0.654153
aim_hud_offset_alt_rot_16x9      = 0.007347, 0.013687, 0.654153
aim_hud_offset_pos               = -0.003625, -0.119678, 0.074018
aim_hud_offset_pos_16x9          = -0.003625, -0.119678, 0.074018
attach_base_hud_offset_pos       = -0.041875, 0.138961, -0.135363
attach_base_hud_offset_pos_16x9  = -0.041875, 0.138961, -0.135363
attach_base_hud_offset_rot       = 0.013525, 0.0084, -0.075715
attach_base_hud_offset_rot_16x9  = 0.013525, 0.0084, -0.075715
attach_mount_hud_offset_pos      = 0.002833, 0.097287, 0.016213
attach_mount_hud_offset_pos_16x9 = 0.002833, 0.097287, 0.016213
hands_orientation                = 0.465987, 0.554998, 0
hands_orientation_16x9           = 0.465987, 0.554998, 0
hands_position                   = 0.0074, -0.0213, 0.0372
hands_position_16x9              = 0.0074, -0.0213, 0.0372
item_position                    = 0.002, 3e-05, -1.8e-05
lowered_hud_offset_pos           = 0.1, 0, 0
lowered_hud_offset_pos_16x9      = 0.1, 0, 0