![wpn_akvs]
modular_attachments	= true
modular_scope_group	= scope_group_dovetail
scope_status		= 2
inv_scope_x			= 32
inv_scope_y			= 3

; position			= -0.026, -0.175, 0

![wpn_akvs_hud]
aim_hud_offset_pos               = -0.002074, -0.094571, 0.152181
aim_hud_offset_pos_16x9          = -0.002074, -0.094571, 0.152181
attach_base_hud_offset_pos       = -0.079875, 0.148556, -0.403376
attach_base_hud_offset_pos_16x9  = -0.079875, 0.148556, -0.403376
attach_base_hud_offset_rot       = 0.03903, 0.008857, -0.004514
attach_base_hud_offset_rot_16x9  = 0.03903, 0.008857, -0.004514
attach_mount_hud_offset_pos      = -0.017656, 0.036471, 0.008592
attach_mount_hud_offset_pos_16x9 = -0.017656, 0.036471, 0.008592

![wpn_akvs2]
modular_attachments	= true
modular_scope_group	= scope_group_dovetail
scope_status		= 2
inv_scope_x			= 32
inv_scope_y			= 3

![wpn_ots12]
modular_attachments	= true
modular_scope_group	= scope_group_dovetail
scope_status		= 2
inv_scope_x			= 45
inv_scope_y			= 3

aim_hud_offset_pos               = 0.000108, -0.09657, 0.161564
aim_hud_offset_pos_16x9          = 0.000108, -0.09657, 0.161564
attach_base_hud_offset_pos       = -0.110383, 0.163241, -0.463113
attach_base_hud_offset_pos_16x9  = -0.110383, 0.163241, -0.463113
attach_base_hud_offset_rot       = 0.03903, 0.008857, -0.004514
attach_base_hud_offset_rot_16x9  = 0.03903, 0.008857, -0.004514
attach_mount_hud_offset_pos      = -0.021605, 0.026576, 0.009461
attach_mount_hud_offset_pos_16x9 = -0.021605, 0.026576, 0.009461

![wpn_ots12v2]
modular_attachments	= false
modular_scope_group	= scope_group_none
scope_status		= 1

![wpn_ots12v2s]
modular_attachments	= false
modular_scope_group	= scope_group_none
scope_status		= 0