![wpn_bizon]
modular_attachments	= true
modular_scope_group	= scope_group_dovetail
scope_status		= 2
inv_scope_x			= 93
inv_scope_y			= 37

position			= -0.026, -0.175, 0
shell_point			= 0, 0.243, 0.115

![wpn_bizon_hud]
aim_hud_offset_pos               = 0.001229, -0.097341, 0.120674
aim_hud_offset_pos_16x9          = 0.001229, -0.097341, 0.120674
attach_base_hud_offset_pos       = -0.082947, 0.149004, -0.407984
attach_base_hud_offset_pos_16x9  = -0.082947, 0.149004, -0.407984
attach_base_hud_offset_rot       = 0.026181, 0.009596, 0.002869
attach_base_hud_offset_rot_16x9  = 0.026181, 0.009596, 0.002869
attach_mount_hud_offset_pos      = -0.024644, 0.033568, 0.003197
attach_mount_hud_offset_pos_16x9 = -0.024644, 0.033568, 0.003197
shell_point                      = 0.028, 0, 0.1