![wpn_k98]
modular_attachments	= true
modular_scope_group	= scope_group_zf4
scope_status		= 2
inv_scope_x			= 138
inv_scope_y			= 3

fire_point			= 0, 0.149, 0.742
fire_point2			= 0, 0.149, 0.742
orientation			= 0, 30, 0
shell_point			= 0, 0.129, 0.192

![wpn_k98_hud]
aim_hud_offset_pos               = -5.3e-05, -0.071177, 0.16313
aim_hud_offset_pos_16x9          = -5.3e-05, -0.071177, 0.16313
attach_mount_hud_offset_pos      = -0.000415, 0.063993, 0.163655
attach_mount_hud_offset_pos_16x9 = -0.000415, 0.063993, 0.163655
hands_orientation                = 2.001281, 1.786631, 0
hands_orientation_16x9           = 2.001281, 1.786631, 0

![wpn_mosin]
modular_attachments	= true
modular_scope_group	= scope_group_pu
scope_status		= 2
inv_scope_x			= 106
inv_scope_y			= 11

![wpn_mosin_hud]
aim_hud_offset_pos               = -0.000262, -0.085262, 0.084053
aim_hud_offset_pos_16x9          = -0.000262, -0.085262, 0.084053
attach_base_hud_offset_pos       = -0.090523, 0.145421, -0.287452
attach_base_hud_offset_pos_16x9  = -0.090523, 0.145421, -0.287452
attach_base_hud_offset_rot       = 0, 0, 6.1e-05
attach_base_hud_offset_rot_16x9  = 0, 0, 6.1e-05
attach_mount_hud_offset_pos      = -0.01584, 0.064927, 0.2459
attach_mount_hud_offset_pos_16x9 = -0.01584, 0.064927, 0.2459