![wpn_abakan]
modular_attachments	= true
modular_scope_group	= scope_group_dovetail
scope_status		= 2
inv_scope_x			= 71
inv_scope_y			= -2

![wpn_abakan_hud]
aim_hud_offset_pos               = -0.003034, -0.047478, 0.179909
aim_hud_offset_pos_16x9          = -0.003034, -0.047478, 0.179909
attach_base_hud_offset_pos       = -0.089557, 0.150966, -0.404338
attach_base_hud_offset_pos_16x9  = -0.089557, 0.150966, -0.404338
attach_base_hud_offset_rot       = 0.034928, 0.034885, 0.001219
attach_base_hud_offset_rot_16x9  = 0.034928, 0.034885, 0.001219
attach_mount_hud_offset_pos      = -0.014779, 0.023604, -0.007029
attach_mount_hud_offset_pos_16x9 = -0.014779, 0.023604, -0.007029
hands_orientation                = 1.972267, 2.505764, 0
hands_orientation_16x9           = 1.972267, 2.505764, 0
hands_position                   = -0.129732, -0.209451, 0.085
hands_position_16x9              = -0.129732, -0.209451, 0.085