![wpn_m82]
modular_attachments	= true
modular_scope_group	= scope_group_picatinny
scope_status		= 2
inv_scope_x			= 92
inv_scope_y			= 35
!scope_texture

![wpn_m82_hud]
aim_hud_offset_pos               = 0.000899, -0.040966, 0.200166
aim_hud_offset_pos_16x9          = 0.000899, -0.040966, 0.200166
attach_base_hud_offset_pos       = 0.000474, 0.091597, -0.250638
attach_base_hud_offset_pos_16x9  = 0.000474, 0.091597, -0.250638
attach_base_hud_offset_rot       = 0.000209, -0.008546, -0.002252
attach_base_hud_offset_rot_16x9  = 0.000209, -0.008546, -0.002252
attach_mount_hud_offset_pos      = -0.001488, 0.032445, -0.074594
attach_mount_hud_offset_pos_16x9 = -0.001488, 0.032445, -0.074594