![wpn_bizon_2_07]
modular_attachments	= true
modular_scope_group	= scope_group_picatinny_short
scope_status		= 2
inv_scope_x			= 92
inv_scope_y			= 29

![wpn_bizon_2_07_hud]
aim_hud_offset_pos               = -0.0001, -0.08504, 0.187368
aim_hud_offset_pos_16x9          = -0.0001, -0.08504, 0.187368
aim_hud_offset_rot               = -0.007952, 0.00053, 0
aim_hud_offset_rot_16x9          = -0.007952, 0.00053, 0
attach_base_hud_offset_pos       = -0.096633, 0.141946, -0.403895
attach_base_hud_offset_pos_16x9  = -0.096633, 0.141946, -0.403895
attach_base_hud_offset_rot       = 0.018755, -3.4e-05, -0.006573
attach_base_hud_offset_rot_16x9  = 0.018755, -3.4e-05, -0.006573
attach_mount_hud_offset_pos      = -2.9e-05, 0.072333, 0.006479
attach_mount_hud_offset_pos_16x9 = -2.9e-05, 0.072333, 0.006479