![wpn_saiga20s]
scopes = 
modular_attachments	= true
modular_scope_group	= scope_group_dovetail
scope_status = 2

![wpn_saiga20s_hud]
; attach_base_hud_offset_pos       = -0.048877, 0.066715, -0.33964
; attach_base_hud_offset_pos_16x9  = -0.048877, 0.066715, -0.33964
; attach_base_hud_offset_rot       = 0.005724, 0.002872, -0.207971
; attach_base_hud_offset_rot_16x9  = 0.005724, 0.002872, -0.207971
attach_mount_hud_offset_pos      = -0.021124, -0.025728, -0.14464
attach_mount_hud_offset_pos_16x9 = -0.021124, -0.025728, -0.14464
aim_hud_offset_pos               = 0.000105, -0.0288, 0.268928
aim_hud_offset_pos_16x9          = 0.000105, -0.0288, 0.268928
aim_hud_offset_rot               = 0, 0, 0
aim_hud_offset_rot_16x9          = 0, 0, 0
attach_base_hud_offset_pos       = -0.063082, 0.064006, -0.285897
attach_base_hud_offset_pos_16x9  = -0.063082, 0.064006, -0.285897
attach_base_hud_offset_rot       = 0.036663, 0.024745, 0.000908
attach_base_hud_offset_rot_16x9  = 0.036663, 0.024745, 0.000908
hands_orientation                = 1.418723, 2.100001, 0
hands_orientation_16x9           = 1.418723, 2.100001, 0
hands_position                   = 0.0061, -0.0288, -0.2
hands_position_16x9              = 0.0061, -0.0288, -0.2
lowered_hud_offset_pos           = 0.1, -0.01, 0
lowered_hud_offset_pos_16x9      = 0.1, -0.01, 0