![wpn_svd]
modular_attachments	= true
modular_scope_group	= scope_group_dovetail
scope_status		= 2
inv_scope_x			= 60
inv_scope_y			= 6

![wpn_svd_hud]
aim_hud_offset_pos               = 0.001812, -0.092874, 0.05802
aim_hud_offset_pos_16x9          = 0.001812, -0.092874, 0.05802
attach_base_hud_offset_pos       = -0.099664, 0.137484, -0.206841
attach_base_hud_offset_pos_16x9  = -0.099664, 0.137484, -0.206841
attach_base_hud_offset_rot       = 0.012382, 0.010376, 0.010013
attach_base_hud_offset_rot_16x9  = 0.012382, 0.010376, 0.010013
attach_mount_hud_offset_pos      = -0.018187, 0.037974, 0.044658
attach_mount_hud_offset_pos_16x9 = -0.018187, 0.037974, 0.044658

![wpn_svd_nimble]
modular_attachments	= true
modular_scope_group	= scope_group_picatinny
scope_status		= 2
inv_scope_x			= 72
inv_scope_y			= -13

![wpn_svd_nimble_hud]
aim_hud_offset_pos               = 0.001919, -0.092871, 0.073748
aim_hud_offset_pos_16x9          = 0.001919, -0.092871, 0.073748
attach_base_hud_offset_pos       = -0.099664, 0.137484, -0.206841
attach_base_hud_offset_pos_16x9  = -0.099664, 0.137484, -0.206841
attach_base_hud_offset_rot       = 0.012382, 0.010376, 0.010013
attach_base_hud_offset_rot_16x9  = 0.012382, 0.010376, 0.010013