![wpn_svd]
modular_attachments	= true
modular_scope_group	= scope_group_dovetail
scope_status		= 2
inv_scope_x			= 60
inv_scope_y			= 6

![wpn_svd_hud]
aim_hud_offset_pos               = 0.001812, -0.092874, 0.05802
aim_hud_offset_pos_16x9          = 0.001812, -0.092874, 0.05802
attach_base_hud_offset_pos       = -0.099664, 0.137484, -0.206841
attach_base_hud_offset_pos_16x9  = -0.099664, 0.137484, -0.206841
attach_base_hud_offset_rot       = 0.012382, 0.010376, 0.010013
attach_base_hud_offset_rot_16x9  = 0.012382, 0.010376, 0.010013
attach_mount_hud_offset_pos      = -0.018187, 0.037974, 0.044658
attach_mount_hud_offset_pos_16x9 = -0.018187, 0.037974, 0.044658

![wpn_svd_nimble]
modular_attachments	= true
modular_scope_group	= scope_group_picatinny
scope_status		= 2
inv_scope_x			= 72
inv_scope_y			= -13

; fire_point2			= 0, 0.1345, 0.929
; position			= -0.026, -0.077, 0

![wpn_svd_nimble_hud]
aim_hud_offset_pos               = 0.002187, -0.092016, 0.070467
aim_hud_offset_pos_16x9          = 0.002187, -0.092016, 0.070467
attach_base_hud_offset_pos       = -0.099484, 0.145833, -0.206555
attach_base_hud_offset_pos_16x9  = -0.099484, 0.145833, -0.206555
attach_base_hud_offset_rot       = 0.02108, 0.010085, 0.010005
attach_base_hud_offset_rot_16x9  = 0.02108, 0.010085, 0.010005
attach_mount_hud_offset_pos      = -0.002186, 0.087611, 0.035639
attach_mount_hud_offset_pos_16x9 = -0.002186, 0.087611, 0.035639
hands_orientation                = -0.021777, 1.046797, 0
hands_orientation_16x9           = -0.021777, 1.046797, 0
hands_position                   = 0.027761, -0.030508, -0.2072
hands_position_16x9              = 0.027761, -0.030508, -0.2072