![wpn_spectre]
modular_attachments	= true
modular_scope_group	= scope_group_picatinny_short_phys
scope_status		= 2
inv_scope_x			= 32
inv_scope_y			= 26

![wpn_spectre_hud]
aim_hud_offset_pos               = -0.000268, -0.071235, 0.132762
aim_hud_offset_pos_16x9          = -0.000268, -0.071235, 0.132762
attach_base_hud_offset_pos       = -0.068654, 0.128075, -0.204325
attach_base_hud_offset_pos_16x9  = -0.068654, 0.128075, -0.204325
attach_base_hud_offset_rot       = 0.05631, 0.067228, -0.005351
attach_base_hud_offset_rot_16x9  = 0.05631, 0.067228, -0.005351
attach_mount_hud_offset_pos      = -0.000109, 0.065142, -0.009516
attach_mount_hud_offset_pos_16x9 = -0.000109, 0.065142, -0.009516

![wpn_spectre_tac]
modular_attachments	= true
modular_scope_group	= scope_group_picatinny_short_phys
scope_status		= 2
inv_scope_x			= 32
inv_scope_y			= 26

![wpn_spectre_tac_hud]
aim_hud_offset_pos               = -5.1e-05, -0.071103, 0.121958
aim_hud_offset_pos_16x9          = -5.1e-05, -0.071103, 0.121958
attach_base_hud_offset_pos       = -0.06005, 0.124197, -0.209338
attach_base_hud_offset_pos_16x9  = -0.06005, 0.124197, -0.209338
attach_base_hud_offset_rot       = 0.026059, 0.009836, -0.01528
attach_base_hud_offset_rot_16x9  = 0.026059, 0.009836, -0.01528
attach_mount_hud_offset_pos      = -0.000109, 0.065293, -0.009452
attach_mount_hud_offset_pos_16x9 = -0.000109, 0.065293, -0.009452
hands_position                   = 0.060627, -0.034008, 0.148505
hands_position_16x9              = 0.060627, -0.034008, 0.148505