![wpn_type89]
modular_attachments	= true
modular_scope_group	= scope_group_picatinny_medium
scope_status		= 2
inv_scope_x			= 92
inv_scope_y			= 35

![wpn_type89_hud]
aim_hud_offset_pos               = 0.000428, -0.120542, 0.087114
aim_hud_offset_pos_16x9          = 0.000428, -0.120542, 0.087114
attach_base_hud_offset_pos       = -0.099577, 0.149868, -0.210774
attach_base_hud_offset_pos_16x9  = -0.099577, 0.149868, -0.210774
attach_base_hud_offset_rot       = 5.6e-05, 2.8e-05, -4.2e-05
attach_base_hud_offset_rot_16x9  = 5.6e-05, 2.8e-05, -4.2e-05
attach_mount_hud_offset_pos      = -0.000697, 0.105104, 0.068354
attach_mount_hud_offset_pos_16x9 = -0.000697, 0.105104, 0.068354