![wpn_psg1]
modular_attachments	= true
modular_scope_group	= scope_group_picatinny_medium
scope_status		= 2
inv_scope_x			= 92
inv_scope_y			= 35

![wpn_psg1_hud]
aim_hud_offset_pos               = 0.001707, -0.154102, 0.173226
aim_hud_offset_pos_16x9          = 0.001707, -0.154102, 0.173226
attach_base_hud_offset_pos       = -0.078023, 0.167015, -0.121676
attach_base_hud_offset_pos_16x9  = -0.078023, 0.167015, -0.121676
attach_base_hud_offset_rot       = 0.01683, 0.010152, -0.027993
attach_base_hud_offset_rot_16x9  = 0.01683, 0.010152, -0.027993
attach_mount_hud_offset_pos      = -0.002241, 0.152538, 0.004055
attach_mount_hud_offset_pos_16x9 = -0.002241, 0.152538, 0.004055