![wpn_bizon_2_07]
modular_attachments	= true
modular_scope_group	= scope_group_picatinny_short
scope_status		= 2
inv_scope_x			= 96
inv_scope_y			= 25

![wpn_bizon_2_07_hud]
aim_hud_offset_pos               = -0.000109, -0.04388, 0.131058
aim_hud_offset_pos_16x9          = -0.000109, -0.04388, 0.131058
attach_base_hud_offset_pos       = -0.047831, 0.068812, -0.215726
attach_base_hud_offset_pos_16x9  = -0.047831, 0.068812, -0.215726
attach_base_hud_offset_rot       = 0.004795, 0.002161, -0.015164
attach_base_hud_offset_rot_16x9  = 0.004795, 0.002161, -0.015164
attach_mount_hud_offset_pos      = -0.000525, 0.035988, -0.012358
attach_mount_hud_offset_pos_16x9 = -0.000525, 0.035988, -0.012358