![wpn_rpk74]
modular_attachments	= true
modular_scope_group	= scope_group_dovetail
scope_status		= 2
inv_scope_x			= 69
inv_scope_y			= 29

; position                         = -0.026, -0.175, 0

![wpn_rpk74_hud]
aim_hud_offset_pos               = -0.004642, -0.06023, 0.153879
aim_hud_offset_pos_16x9          = -0.004642, -0.06023, 0.153879
attach_base_hud_offset_pos       = -0.046056, 0.074449, -0.199904
attach_base_hud_offset_pos_16x9  = -0.046056, 0.074449, -0.199904
attach_base_hud_offset_rot       = 0, -0.066692, 0
attach_base_hud_offset_rot_16x9  = 0, -0.066692, 0
attach_mount_hud_offset_pos      = -0.010834, 0.006898, -0.052189
attach_mount_hud_offset_pos_16x9 = -0.010834, 0.006898, -0.052189
hands_orientation                = -1.275088, 0, 0
hands_orientation_16x9           = -1.275088, 0, 0
lowered_hud_offset_rot           = -0.081037, -0.705504, 0.4
lowered_hud_offset_rot_16x9      = -0.081037, -0.705504, 0.4