![wpn_mossberg590_rail]
modular_attachments	= true
modular_scope_group	= scope_group_picatinny_short
scope_status		= 2
inv_scope_x			= 109
inv_scope_y			= 34

![wpn_mossberg590_rail_hud]
aim_hud_offset_pos               = 0.000159, -0.093018, 0
aim_hud_offset_pos_16x9          = 0.000159, -0.093018, 0
attach_base_hud_offset_pos       = -0.000155, 0.09086, -0.008217
attach_base_hud_offset_pos_16x9  = -0.000155, 0.09086, -0.008217
attach_base_hud_offset_rot       = -0.002626, 0.000162, -0.016175
attach_base_hud_offset_rot_16x9  = -0.002626, 0.000162, -0.016175
attach_mount_hud_offset_pos      = -0.000529, 0.089036, 0.140673
attach_mount_hud_offset_pos_16x9 = -0.000529, 0.089036, 0.140673