![wpn_aug_freedom]
modular_attachments	= true
modular_scope_group	= scope_group_picatinny
scope_status		= 2
inv_scope_x			= 107
inv_scope_y			= 30

![wpn_aug_freedom_hud]
aim_hud_offset_alt_pos           = -0.061959, 0.00165, 0.044569
aim_hud_offset_alt_pos_16x9      = -0.061959, 0.00165, 0.044569
aim_hud_offset_alt_rot           = 0.00774, 0, -0.010025
aim_hud_offset_alt_rot_16x9      = 0.00774, 0, -0.010025
aim_hud_offset_pos               = 0.000212, -0.055398, 0.126861
aim_hud_offset_pos_16x9          = 0.000212, -0.055398, 0.126861
attach_base_hud_offset_pos       = -0.059792, 0.098372, -0.208424
attach_base_hud_offset_pos_16x9  = -0.059792, 0.098372, -0.208424
attach_mount_hud_offset_pos      = -0.000212, 0.041189, 0.020625
attach_mount_hud_offset_pos_16x9 = -0.000212, 0.041189, 0.020625
hands_position                   = 0.005984, -0.02295, 0.041383
hands_position_16x9              = 0.005984, -0.02295, 0.041383

![wpn_aug_custom]
modular_attachments	= true
modular_scope_group	= scope_group_picatinny
scope_status		= 2
inv_scope_x			= 107
inv_scope_y			= 30

![wpn_aug_custom_hud]
aim_hud_offset_alt_pos           = -0.061959, 0.00165, 0.044569
aim_hud_offset_alt_pos_16x9      = -0.061959, 0.00165, 0.044569
aim_hud_offset_alt_rot           = 0.00774, 0, -0.010025
aim_hud_offset_alt_rot_16x9      = 0.00774, 0, -0.010025
aim_hud_offset_pos               = 5.3e-05, -0.096578, 0.253016
aim_hud_offset_pos_16x9          = 5.3e-05, -0.096578, 0.253016
attach_base_hud_offset_pos       = -0.060064, 0.098802, -0.208141
attach_base_hud_offset_pos_16x9  = -0.060064, 0.098802, -0.208141
attach_base_hud_offset_rot       = 0.012207, -1e-05, 0.011719
attach_base_hud_offset_rot_16x9  = 0.012207, -1e-05, 0.011719
attach_mount_hud_offset_pos      = 0.000377, 0.063787, -0.021674
attach_mount_hud_offset_pos_16x9 = 0.000377, 0.063787, -0.021674
hands_position                   = 0.005984, -0.02295, 0.041383
hands_position_16x9              = 0.005984, -0.02295, 0.041383

![wpn_aug_modern]
modular_attachments	= true
modular_scope_group	= scope_group_picatinny
scope_status		= 2
inv_scope_x			= 107
inv_scope_y			= 30

![wpn_aug_modern_hud]
aim_hud_offset_alt_pos           = -0.061959, 0.00165, 0.044569
aim_hud_offset_alt_pos_16x9      = -0.061959, 0.00165, 0.044569
aim_hud_offset_alt_rot           = 0.00774, 0, -0.010025
aim_hud_offset_alt_rot_16x9      = 0.00774, 0, -0.010025
aim_hud_offset_pos               = -0.000105, -0.077656, 0.167182
aim_hud_offset_pos_16x9          = -0.000105, -0.077656, 0.167182
attach_base_hud_offset_pos       = -0.060064, 0.098802, -0.208141
attach_base_hud_offset_pos_16x9  = -0.060064, 0.098802, -0.208141
attach_base_hud_offset_rot       = 0.012207, -1e-05, 0.011719
attach_base_hud_offset_rot_16x9  = 0.012207, -1e-05, 0.011719
attach_mount_hud_offset_pos      = -5e-05, 0.042674, 0.008463
attach_mount_hud_offset_pos_16x9 = -5e-05, 0.042674, 0.008463
hands_position                   = 0.005984, -0.02295, 0.041383
hands_position_16x9              = 0.005984, -0.02295, 0.041383

![wpn_aug_merc]
modular_attachments	= true
modular_scope_group	= scope_group_picatinny
scope_status		= 2
inv_scope_x			= 107
inv_scope_y			= 30

![wpn_aug_merc_hud]
aim_hud_offset_alt_pos           = -0.061959, 0.00165, 0.044569
aim_hud_offset_alt_pos_16x9      = -0.061959, 0.00165, 0.044569
aim_hud_offset_alt_rot           = 0.00774, 0, -0.010025
aim_hud_offset_alt_rot_16x9      = 0.00774, 0, -0.010025
aim_hud_offset_pos               = -0.000484, -0.075795, 0.145471
aim_hud_offset_pos_16x9          = -0.000484, -0.075795, 0.145471
attach_base_hud_offset_pos       = -0.059792, 0.098372, -0.208423
attach_base_hud_offset_pos_16x9  = -0.059792, 0.098372, -0.208423
attach_mount_hud_offset_pos      = 0.000483, 0.045578, -0.038828
attach_mount_hud_offset_pos_16x9 = 0.000483, 0.045578, -0.038828
hands_position                   = 0.005984, -0.02295, 0.041383
hands_position_16x9              = 0.005984, -0.02295, 0.041383