![wpn_benelli_m4]
modular_attachments	= true
modular_scope_group	= scope_group_picatinny_short
scope_status		= 2
inv_scope_x			= 109
inv_scope_y			= 34

![wpn_benelli_m4_hud]
aim_hud_offset_pos               = -0.000802, -0.128069, 0.068263
aim_hud_offset_pos_16x9          = -0.000802, -0.128069, 0.068263
aim_hud_offset_rot               = 0, 0, 0.039388
aim_hud_offset_rot_16x9          = 0, 0, 0.039388
attach_base_hud_offset_pos       = -0.066869, 0.152167, -0.121031
attach_base_hud_offset_pos_16x9  = -0.066869, 0.152167, -0.121031
attach_base_hud_offset_rot       = 0.017429, 0.018684, -0.069499
attach_base_hud_offset_rot_16x9  = 0.017429, 0.018684, -0.069499
attach_mount_hud_offset_pos      = 0, 0.119752, 0.105811
attach_mount_hud_offset_pos_16x9 = 0, 0.119752, 0.105811
hands_orientation                = 0.019615, 0.116666, 0.414726
hands_orientation_16x9           = 0.019615, 0.116666, 0.414726