![wpn_xm8]
modular_attachments	= true
modular_scope_group	= scope_group_picatinny_short
scope_status		= 2
inv_scope_x			= 67
inv_scope_y			= -16

![wpn_xm8_hud]
aim_hud_offset_pos               = -0.000746, -0.170021, 0.155092
aim_hud_offset_pos_16x9          = -0.000746, -0.170021, 0.155092
attach_base_hud_offset_pos       = -0.079902, 0.186657, -0.213301
attach_base_hud_offset_pos_16x9  = -0.079902, 0.186657, -0.213301
attach_base_hud_offset_rot       = 0.057349, 0.044356, -0.000123
attach_base_hud_offset_rot_16x9  = 0.057349, 0.044356, -0.000123
attach_mount_hud_offset_pos      = 0.000637, 0.148487, -0.015923
attach_mount_hud_offset_pos_16x9 = 0.000637, 0.148487, -0.015923