![wpn_m249]
modular_attachments	= true
modular_scope_group	= scope_group_picatinny_medium
scope_status		= 2
inv_scope_x			= 95
inv_scope_y			= 35

![wpn_m249_hud]
aim_hud_offset_pos               = -0.001061, -0.11712, 0.180603
aim_hud_offset_pos_16x9          = -0.001061, -0.11712, 0.180603
attach_base_hud_offset_pos       = -0.093031, 0.142337, -0.225381
attach_base_hud_offset_pos_16x9  = -0.093031, 0.142337, -0.225381
attach_base_hud_offset_rot       = -1.9e-05, -1.6e-05, 0.003201
attach_base_hud_offset_rot_16x9  = -1.9e-05, -1.6e-05, 0.003201
attach_mount_hud_offset_pos      = 0.000154, 0.112438, 0.005477
attach_mount_hud_offset_pos_16x9 = 0.000154, 0.112438, 0.005477