![wpn_sg510]
modular_attachments	= true
modular_scope_group	= scope_group_picatinny_medium
scope_status		= 2
inv_scope_x			= 92
inv_scope_y			= 35

fire_point			= 0, 0.129, 0.942
fire_point2			= 0, 0.129, 0.942
position			= -0.026, 0, -0.04

![wpn_sg510_hud]
aim_hud_offset_alt_pos           = -0.0721, 0.027, -0.08
aim_hud_offset_alt_pos_16x9      = -0.0721, 0.027, -0.08
aim_hud_offset_pos               = 0.000372, -0.129484, 0.165395
aim_hud_offset_pos_16x9          = 0.000372, -0.129484, 0.165395
attach_base_hud_offset_pos       = -0.072537, 0.159063, -0.244457
attach_base_hud_offset_pos_16x9  = -0.072537, 0.159063, -0.244457
attach_base_hud_offset_rot       = -0.008727, -0.012217, 0.000107
attach_base_hud_offset_rot_16x9  = -0.008727, -0.012217, 0.000107
attach_mount_hud_offset_pos      = 0.00031, 0.086051, 0.020838
attach_mount_hud_offset_pos_16x9 = 0.00031, 0.086051, 0.020838